no path
d_star_lite;20;20;250;26.8701;0;0.034235;400;363
h_star;20;20;250;26.8701;0;5e-06;400;4;no path
d_star_lite;20;20;250;26.8701;0;0.027976;400;363
h_star;20;20;250;26.8701;0;4e-06;400;4;no path
d_star_lite;20;20;250;26.8701;0;0.033909;400;363
h_star;20;20;250;26.8701;43.1127;0.000626;400;255;no path
d_star_lite;20;20;250;26.8701;0;0.056394;400;363
h_star;20;20;250;26.8701;0;3e-06;400;4;no path
d_star_lite;20;20;250;26.8701;0;0.033628;400;363
h_star;20;20;250;26.8701;2568.84;0.028599;400;17051;no path
d_star_lite;20;20;250;26.8701;0;0.057498;400;363
h_star;20;20;250;26.8701;41.6985;0.000452;400;253;no path
d_star_lite;20;20;250;26.8701;0;0.034377;400;363
h_star;20;20;250;26.8701;43.9411;0.000564;400;259;no path
d_star_lite;20;20;250;26.8701;0;0.027176;400;363
h_star;20;20;250;26.8701;1689.44;0.019074;400;11323;no path
d_star_lite;20;20;250;26.8701;0;0.026283;400;363
h_star;20;20;250;26.8701;3959.68;0.043265;400;26956;no path
d_star_lite;20;20;250;26.8701;0;0.032744;400;363
h_star;20;20;250;26.8701;1;1e-05;400;9;no path
d_star_lite;20;20;250;26.8701;0;0.027129;400;363
h_star;20;20;250;26.8701;36.2843;0.000437;400;213;no path
d_star_lite;20;20;250;26.8701;0;0.033429;400;363
h_star;20;20;250;26.8701;34.0416;0.000389;400;205;no path
d_star_lite;20;20;250;26.8701;0;0.026608;400;363
h_star;20;20;250;26.8701;2787.16;0.031587;400;19213;no path
d_star_lite;20;20;250;26.8701;0;0.026701;400;363
h_star;20;20;250;26.8701;53.598;0.000562;400;308;no path
d_star_lite;20;20;250;26.8701;0;0.033128;400;363
h_star;20;20;250;26.8701;0;3e-06;400;4;no path
d_star_lite;20;20;250;26.8701;0;0.030943;400;363
h_star;20;20;250;26.8701;0;4e-06;400;4;no path
d_star_lite;20;20;250;26.8701;0;0.056872;400;363
h_star;20;20;250;26.8701;40.2843;0.000599;400;245;no path
d_star_lite;20;20;250;26.8701;0;0.034076;400;363
h_star;20;20;250;26.8701;40.2843;0.000646;400;245;no path
d_star_lite;20;20;250;26.8701;0;0.033914;400;363
h_star;20;20;250;26.8701;5.41421;3.6e-05;400;32;no path
d_star_lite;20;20;250;26.8701;0;0.031519;400;363
h_star;20;20;250;26.8701;35.4558;0.000352;400;222;no path
d_star_lite;20;20;250;26.8701;0;0.027136;400;363
h_star;20;20;250;26.8701;31.4558;0.000395;400;181;no path
d_star_lite;20;20;250;26.8701;0;0.058918;400;363
h_star;20;20;250;26.8701;0;4e-06;400;4;no path
d_star_lite;20;20;250;26.8701;0;0.027516;400;363
h_star;20;20;250;26.8701;3.41421;2.2e-05;400;22;no path
d_star_lite;20;20;250;26.8701;0;0.034416;400;363
h_star;20;20;250;26.8701;2901.51;0.033074;400;18984;no path
d_star_lite;20;20;250;26.8701;0;0.033958;400;363
h_star;20;20;250;26.8701;0;5e-06;400;4;no path
d_star_lite;20;20;250;26.8701;0;0.028162;400;363
no path
d_star_lite;20;20;250;26.8701;0;0.058828;400;363
h_star;20;20;250;26.8701;1789.11;0.021091;400;12049;no path
d_star_lite;20;20;250;26.8701;0;0.034235;400;363
h_star;20;20;250;26.8701;8.82843;6.5e-05;400;60;no path
d_star_lite;20;20;250;26.8701;0;0.034778;400;363
h_star;20;20;250;26.8701;8.82843;6.8e-05;400;60;no path
d_star_lite;20;20;250;26.8701;0;0.034206;400;363
h_star;20;20;250;26.8701;0;5e-06;400;4;no path
d_star_lite;20;20;250;26.8701;0;0.027462;400;363
h_star;20;20;250;26.8701;33.799;0.000362;400;210;no path
d_star_lite;20;20;250;26.8701;0;0.034401;400;363
h_star;20;20;250;26.8701;3906.36;0.044962;400;26512;no path
d_star_lite;20;20;250;26.8701;0;0.034557;400;363
h_star;20;20;250;26.8701;552.039;0.006516;400;3705;no path
d_star_lite;20;20;250;26.8701;0;0.030336;400;363
h_star;20;20;250;26.8701;9.65685;5.7e-05;400;60;no path
d_star_lite;20;20;250;26.8701;0;0.026488;400;363
h_star;20;20;250;26.8701;2.41421;1.5e-05;400;14;no path
d_star_lite;20;20;250;26.8701;0;0.032948;400;363
h_star;20;20;250;26.8701;35.4558;0.000456;400;214;no path
d_star_lite;20;20;250;26.8701;0;0.02676;400;363
h_star;20;20;250;26.8701;0;3e-06;400;4;no path
d_star_lite;20;20;250;26.8701;0;0.034736;400;363
h_star;20;20;250;26.8701;3160.06;0.036097;400;20774;no path
d_star_lite;20;20;250;26.8701;0;0.027242;400;363
h_star;20;20;250;26.8701;1;8e-06;400;9;no path
d_star_lite;20;20;250;26.8701;0;0.057161;400;363
h_star;20;20;250;26.8701;0;4e-06;400;4;no path
d_star_lite;20;20;250;26.8701;0;0.033573;400;363
h_star;20;20;250;26.8701;2;1.6e-05;400;14;no path
d_star_lite;20;20;250;26.8701;0;0.02736;400;363
h_star;20;20;250;26.8701;1577.76;0.021195;400;10670;no path
d_star_lite;20;20;250;26.8701;0;0.033829;400;363
h_star;20;20;250;26.8701;109.74;0.001041;400;745;no path
d_star_lite;20;20;250;26.8701;0;0.026982;400;363
h_star;20;20;250;26.8701;0;3e-06;400;4;no path
d_star_lite;20;20;250;26.8701;0;0.055065;400;363
h_star;20;20;250;26.8701;36.8701;0.00047;400;216;no path
d_star_lite;20;20;250;26.8701;0;0.026413;400;363
h_star;20;20;250;26.8701;0;4e-06;400;4;no path
d_star_lite;20;20;250;26.8701;0;0.026451;400;363
h_star;20;20;250;26.8701;1;8e-06;400;9;no path
d_star_lite;20;20;250;26.8701;0;0.02714;400;363
h_star;20;20;250;26.8701;0;4e-06;400;4;no path
d_star_lite;20;20;250;26.8701;0;0.026474;400;363
h_star;20;20;250;26.8701;0;3e-06;400;4;no path
d_star_lite;20;20;250;26.8701;0;0.05778;400;363
h_star;20;20;250;26.8701;0;4e-06;400;4;no path
d_star_lite;20;20;250;26.8701;0;0.033295;400;363
h_star;20;20;250;26.8701;1;1e-05;400;9;no path
d_star_lite;20;20;250;26.8701;0;0.033749;400;363
h_star;20;20;250;26.8701;1;1.1e-05;400;9;no path
d_star_lite;20;20;250;26.8701;0;0.033064;400;363
h_star;20;20;250;26.8701;46.7696;0.000591;400;276;no path
d_star_lite;20;20;250;26.8701;0;0.02689;400;363
h_star;20;20;250;26.8701;0;3e-06;400;4;no path
d_star_lite;20;20;250;26.8701;0;0.057601;400;363
h_star;20;20;250;26.8701;45.6985;0.000637;400;279;no path
d_star_lite;20;20;250;26.8701;0;0.03453;400;363
h_star;20;20;250;26.8701;0;5e-06;400;4;no path
d_star_lite;20;20;250;26.8701;0;0.027154;400;363
h_star;20;20;250;26.8701;30.3848;0.000409;400;186;no path
d_star_lite;20;20;250;26.8701;0;0.033918;400;363
h_star;20;20;250;26.8701;45.6985;0.000607;400;280;no path
d_star_lite;20;20;250;26.8701;0;0.02717;400;363
h_star;20;20;250;26.8701;4.41421;2.6e-05;400;27;no path
d_star_lite;20;20;250;26.8701;0;0.027199;400;363
h_star;20;20;250;26.8701;2832.72;0.030963;400;18879;no path
d_star_lite;20;20;250;26.8701;0;0.026767;400;363
h_star;20;20;250;26.8701;1;8e-06;400;9;no path
d_star_lite;20;20;250;26.8701;0;0.026447;400;363
h_star;20;20;250;26.8701;2.41421;1.4e-05;400;17;no path
d_star_lite;20;20;250;26.8701;0;0.026339;400;363
h_star;20;20;250;26.8701;84.5685;0.000893;400;551;no path
d_star_lite;20;20;250;26.8701;0;0.03555;400;363
h_star;20;20;250;26.8701;3.41421;2.3e-05;400;19;no path
d_star_lite;20;20;250;26.8701;0;0.026682;400;363
h_star;20;20;250;26.8701;34.0416;0.000412;400;208;no path
d_star_lite;20;20;250;26.8701;0;0.027434;400;363
h_star;20;20;250;26.8701;30.6274;0.000373;400;184;no path
d_star_lite;20;20;250;26.8701;0;0.03242;400;363
h_star;20;20;250;26.8701;1;1e-05;400;9;no path
d_star_lite;20;20;250;26.8701;0;0.027249;400;363
h_star;20;20;250;26.8701;33.799;0.00045;400;201;no path
d_star_lite;20;20;250;26.8701;0;0.026897;400;363
h_star;20;20;250;26.8701;50.5269;0.000689;400;321;no path
d_star_lite;20;20;250;26.8701;0;0.026501;400;363
h_star;20;20;250;26.8701;31.4558;0.000389;400;172;no path
d_star_lite;20;20;250;26.8701;0;0.034094;400;363
h_star;20;20;250;26.8701;0;5e-06;400;4;no path
d_star_lite;20;20;250;26.8701;0;0.057192;400;363
h_star;20;20;250;26.8701;1;9e-06;400;9;no path
d_star_lite;20;20;250;26.8701;0;0.027231;400;363
h_star;20;20;250;26.8701;30.9706;0.000335;400;197;no path
d_star_lite;20;20;250;26.8701;0;0.047082;400;363
h_star;20;20;250;26.8701;1;1.1e-05;400;9;no path
d_star_lite;20;20;250;26.8701;0;0.027738;400;363
h_star;20;20;250;26.8701;30.9706;0.000342;400;197;no path
d_star_lite;20;20;250;26.8701;0;0.034344;400;363
h_star;20;20;250;26.8701;29.2132;0.000345;400;176;no path
d_star_lite;20;20;250;26.8701;0;0.027308;400;363
h_star;20;20;250;26.8701;103.196;0.001263;400;682;no path
d_star_lite;20;20;250;26.8701;0;0.027234;400;363
h_star;20;20;250;26.8701;1;9e-06;400;9;no path
d_star_lite;20;20;250;26.8701;0;0.026386;400;363
h_star;20;20;250;26.8701;0;3e-06;400;4;no path
d_star_lite;20;20;250;26.8701;0;0.026462;400;363
h_star;20;20;250;26.8701;113.782;0.001424;400;732;no path
d_star_lite;20;20;250;26.8701;0;0.034097;400;363
h_star;20;20;250;26.8701;13.4853;8.3e-05;400;77;no path
d_star_lite;20;20;250;26.8701;0;0.033389;400;363
h_star;20;20;250;26.8701;1;1e-05;400;9;no path
d_star_lite;20;20;250;26.8701;0;0.057881;400;363
h_star;20;20;250;26.8701;1;9e-06;400;9;no path
d_star_lite;20;20;250;26.8701;0;0.058659;400;363
h_star;20;20;250;26.8701;1;9e-06;400;9;no path
d_star_lite;20;20;250;26.8701;0;0.034417;400;363
h_star;20;20;250;26.8701;3.41421;2.5e-05;400;19;no path
d_star_lite;20;20;250;26.8701;0;0.027411;400;363
h_star;20;20;250;26.8701;38.8701;0.000456;400;234;no path
d_star_lite;20;20;250;26.8701;0;0.034416;400;363
h_star;20;20;250;26.8701;0;5e-06;400;4;no path
d_star_lite;20;20;250;26.8701;0;0.027246;400;363
h_star;20;20;250;26.8701;3010.84;0.030767;400;20896;no path
d_star_lite;20;20;250;26.8701;0;0.026752;400;363
h_star;20;20;250;26.8701;35.4558;0.000446;400;213;no path
d_star_lite;20;20;250;26.8701;0;0.034479;400;363
h_star;20;20;250;26.8701;32.0416;0.000504;400;186;no path
d_star_lite;20;20;250;26.8701;0;0.028124;400;363
h_star;20;20;250;26.8701;0;3e-06;400;4;no path
d_star_lite;20;20;250;26.8701;0;0.034428;400;363
h_star;20;20;250;26.8701;1;1e-05;400;9;no path
d_star_lite;20;20;250;26.8701;0;0.027959;400;363
h_star;20;20;250;26.8701;53.6985;0.000519;400;338;no path
d_star_lite;20;20;250;26.8701;0;0.026522;400;363
h_star;20;20;250;26.8701;5794.16;0.061327;400;38684;no path
d_star_lite;20;20;250;26.8701;0;0.033519;400;363
h_star;20;20;250;26.8701;2;1.6e-05;400;14;no path
d_star_lite;20;20;250;26.8701;0;0.028411;400;363
h_star;20;20;250;26.8701;39.6985;0.00048;400;237;no path
d_star_lite;20;20;250;26.8701;0;0.058602;400;363
h_star;20;20;250;26.8701;40.8701;0.000465;400;241;no path
d_star_lite;20;20;250;26.8701;0;0.026528;400;363
h_star;20;20;250;26.8701;1;9e-06;400;9;no path
d_star_lite;20;20;250;26.8701;0;0.033917;400;363
h_star;20;20;250;26.8701;40.8701;0.000527;400;241;no path
d_star_lite;20;20;250;26.8701;0;0.027003;400;363
h_star;20;20;250;26.8701;1;8e-06;400;9;no path
d_star_lite;20;20;250;26.8701;0;0.058998;400;363
h_star;20;20;250;26.8701;3.41421;2.3e-05;400;25;no path
d_star_lite;20;20;250;26.8701;0;0.026836;400;363
h_star;20;20;250;26.8701;0;3e-06;400;4;no path
d_star_lite;20;20;250;26.8701;0;0.034029;400;363
h_star;20;20;250;26.8701;297.605;0.003749;400;2048;no path
d_star_lite;20;20;250;26.8701;0;0.026966;400;363
h_star;20;20;250;26.8701;29.4558;0.000314;400;165;no path
d_star_lite;20;20;250;26.8701;0;0.02641;400;363
h_star;20;20;250;26.8701;39.6985;0.000472;400;237;no path
d_star_lite;20;20;250;26.8701;0;0.056287;400;363
h_star;20;20;250;26.8701;41.6985;0.000542;400;247;no path
d_star_lite;20;20;250;26.8701;0;0.03403;400;363
h_star;20;20;250;26.8701;16.0711;0.00011;400;97;